l=[27, 29, 30, 33, 34, 35, 37, 35]
with index=6 removed, l=[27, 29, 30, 33, 34, 35, 35] or l2=[27, 29, 30, 33, 34, 35, 37] is safe
l=[51, 53, 54, 55, 57, 60, 63, 63]
with index=6 removed, l=[51, 53, 54, 55, 57, 60, 63] or l2=[51, 53, 54, 55, 57, 60, 63, 63] is safe
l=[87, 90, 93, 94, 98]
with index=3 removed, l=[87, 90, 93, 98] or l2=[87, 90, 93, 94] is safe
l=[41, 42, 45, 47, 49, 51, 53, 58]
with index=6 removed, l=[41, 42, 45, 47, 49, 51, 58] or l2=[41, 42, 45, 47, 49, 51, 53] is safe
l=[23, 26, 23, 24, 27, 28]
[23, 23, 24, 27, 28] [23, 26, 24, 27, 28]
l=[32, 33, 36, 37, 34, 36, 39, 37]
[32, 33, 36, 34, 36, 39, 37] [32, 33, 36, 37, 36, 39, 37]
l=[12, 13, 11, 14, 14]
[12, 11, 14, 14] [12, 13, 14, 14]
l=[84, 87, 88, 87, 91]
with index=2 removed, l=[84, 87, 87, 91] or l2=[84, 87, 88, 91] is safe
l=[54, 55, 53, 56, 62]
[54, 53, 56, 62] [54, 55, 56, 62]
l=[71, 73, 74, 74, 75, 76, 77]
with index=2 removed, l=[71, 73, 74, 75, 76, 77] or l2=[71, 73, 74, 74, 75, 76, 77] is safe
l=[84, 87, 90, 90, 89]
[84, 87, 90, 89] [84, 87, 90, 89]
l=[43, 46, 49, 52, 55, 55, 55]
[43, 46, 49, 52, 55, 55] [43, 46, 49, 52, 55, 55]
l=[21, 23, 25, 28, 30, 30, 33, 37]
[21, 23, 25, 28, 30, 33, 37] [21, 23, 25, 28, 30, 33, 37]
l=[20, 22, 22, 24, 31]
[20, 22, 24, 31] [20, 22, 24, 31]
l=[42, 44, 45, 46, 47, 51, 52, 54]
[42, 44, 45, 46, 51, 52, 54] [42, 44, 45, 46, 47, 52, 54]
l=[66, 67, 69, 70, 74, 75, 74]
[66, 67, 69, 74, 75, 74] [66, 67, 69, 70, 75, 74]
l=[4, 6, 10, 11, 14, 17, 18, 18]
[4, 10, 11, 14, 17, 18, 18] [4, 6, 11, 14, 17, 18, 18]
l=[50, 52, 56, 59, 63]
[50, 56, 59, 63] [50, 52, 59, 63]
l=[64, 67, 68, 71, 75, 77, 83]
[64, 67, 68, 75, 77, 83] [64, 67, 68, 71, 77, 83]
l=[17, 20, 22, 29, 32, 33, 35]
[17, 20, 29, 32, 33, 35] [17, 20, 22, 32, 33, 35]
l=[81, 84, 89, 92, 94, 92]
[81, 89, 92, 94, 92] [81, 84, 92, 94, 92]
l=[11, 14, 15, 17, 20, 27, 27]
[11, 14, 15, 17, 27, 27] [11, 14, 15, 17, 20, 27]
l=[20, 22, 28, 30, 31, 35]
[20, 28, 30, 31, 35] [20, 22, 30, 31, 35]
l=[54, 55, 57, 60, 67, 74]
[54, 55, 57, 67, 74] [54, 55, 57, 60, 74]
l=[51, 50, 51, 52, 54]
[51, 51, 52, 54] [51, 50, 52, 54]
l=[55, 53, 55, 57, 59, 60, 57]
[55, 55, 57, 59, 60, 57] [55, 53, 57, 59, 60, 57]
l=[34, 33, 35, 37, 39, 42, 43, 43]
[34, 35, 37, 39, 42, 43, 43] [34, 33, 37, 39, 42, 43, 43]
l=[23, 22, 23, 26, 28, 31, 34, 38]
[23, 23, 26, 28, 31, 34, 38] [23, 22, 26, 28, 31, 34, 38]
l=[6, 4, 7, 10, 12, 13, 15, 21]
[6, 7, 10, 12, 13, 15, 21] [6, 4, 10, 12, 13, 15, 21]
l=[29, 27, 28, 27, 30, 32, 35, 36]
[29, 28, 27, 30, 32, 35, 36] [29, 27, 27, 30, 32, 35, 36]
l=[83, 80, 83, 85, 88, 85, 87, 86]
[83, 83, 85, 88, 85, 87, 86] [83, 80, 85, 88, 85, 87, 86]
l=[75, 74, 76, 78, 75, 75]
[75, 76, 78, 75, 75] [75, 74, 78, 75, 75]
l=[51, 50, 52, 54, 57, 55, 56, 60]
[51, 52, 54, 57, 55, 56, 60] [51, 50, 54, 57, 55, 56, 60]
l=[71, 69, 72, 70, 75]
[71, 72, 70, 75] [71, 69, 70, 75]
l=[47, 46, 48, 48, 50]
[47, 48, 48, 50] [47, 46, 48, 50]
l=[64, 63, 65, 65, 63]
[64, 65, 65, 63] [64, 63, 65, 63]
l=[88, 87, 88, 90, 90, 91, 91]
[88, 88, 90, 90, 91, 91] [88, 87, 90, 90, 91, 91]
l=[69, 68, 68, 70, 74]
[69, 68, 70, 74] [69, 68, 70, 74]
l=[79, 77, 77, 79, 86]
[79, 77, 79, 86] [79, 77, 79, 86]
l=[8, 5, 8, 12, 14, 17]
[8, 8, 12, 14, 17] [8, 5, 12, 14, 17]
l=[21, 19, 20, 24, 26, 25]
[21, 20, 24, 26, 25] [21, 19, 24, 26, 25]
l=[36, 34, 38, 39, 39]
[36, 38, 39, 39] [36, 34, 39, 39]
l=[77, 75, 76, 80, 84]
[77, 76, 80, 84] [77, 75, 80, 84]
l=[64, 63, 64, 68, 74]
[64, 64, 68, 74] [64, 63, 68, 74]
l=[40, 38, 43, 44, 46, 48, 49]
with index=1 removed, l=[40, 43, 44, 46, 48, 49] or l2=[40, 38, 43, 44, 46, 48, 49] is safe
l=[86, 83, 84, 87, 88, 91, 98, 96]
[86, 84, 87, 88, 91, 98, 96] [86, 83, 87, 88, 91, 98, 96]
l=[40, 37, 40, 47, 50, 53, 53]
[40, 40, 47, 50, 53, 53] [40, 37, 47, 50, 53, 53]
l=[44, 41, 46, 47, 51]
[44, 46, 47, 51] [44, 41, 47, 51]
l=[7, 4, 7, 9, 11, 18, 24]
[7, 7, 9, 11, 18, 24] [7, 4, 9, 11, 18, 24]
l=[55, 55, 58, 59, 62, 64]
with index=0 removed, l=[55, 58, 59, 62, 64] or l2=[55, 55, 58, 59, 62, 64] is safe
l=[13, 13, 14, 16, 13]
[13, 14, 16, 13] [13, 14, 16, 13]
l=[61, 61, 63, 66, 68, 68]
[61, 63, 66, 68, 68] [61, 63, 66, 68, 68]
l=[91, 91, 92, 94, 98]
[91, 92, 94, 98] [91, 92, 94, 98]
l=[9, 9, 10, 11, 13, 15, 18, 25]
[9, 10, 11, 13, 15, 18, 25] [9, 10, 11, 13, 15, 18, 25]
l=[21, 21, 23, 25, 22, 25]
[21, 23, 25, 22, 25] [21, 23, 25, 22, 25]
l=[92, 92, 95, 93, 92]
[92, 95, 93, 92] [92, 95, 93, 92]
l=[53, 53, 56, 55, 55]
[53, 56, 55, 55] [53, 56, 55, 55]
l=[57, 57, 60, 59, 60, 64]
[57, 60, 59, 60, 64] [57, 60, 59, 60, 64]
l=[48, 48, 45, 48, 50, 56]
[48, 45, 48, 50, 56] [48, 45, 48, 50, 56]
l=[5, 5, 6, 6, 9]
[5, 6, 6, 9] [5, 6, 6, 9]
l=[37, 37, 38, 41, 41, 44, 46, 44]
[37, 38, 41, 41, 44, 46, 44] [37, 38, 41, 41, 44, 46, 44]
l=[87, 87, 87, 90, 90]
[87, 87, 90, 90] [87, 87, 90, 90]
l=[51, 51, 51, 54, 58]
[51, 51, 54, 58] [51, 51, 54, 58]
l=[79, 79, 79, 82, 83, 86, 88, 95]
[79, 79, 82, 83, 86, 88, 95] [79, 79, 82, 83, 86, 88, 95]
l=[71, 71, 72, 73, 77, 78]
[71, 72, 73, 77, 78] [71, 72, 73, 77, 78]
l=[41, 41, 43, 47, 48, 50, 49]
[41, 43, 47, 48, 50, 49] [41, 43, 47, 48, 50, 49]
l=[55, 55, 59, 62, 62]
[55, 59, 62, 62] [55, 59, 62, 62]
l=[26, 26, 29, 33, 35, 36, 40]
[26, 29, 33, 35, 36, 40] [26, 29, 33, 35, 36, 40]
l=[52, 52, 56, 58, 65]
[52, 56, 58, 65] [52, 56, 58, 65]
l=[16, 16, 19, 24, 25]
[16, 19, 24, 25] [16, 19, 24, 25]
l=[85, 85, 86, 89, 92, 93, 98, 96]
[85, 86, 89, 92, 93, 98, 96] [85, 86, 89, 92, 93, 98, 96]
l=[8, 8, 11, 16, 16]
[8, 11, 16, 16] [8, 11, 16, 16]
l=[87, 87, 93, 94, 98]
[87, 93, 94, 98] [87, 93, 94, 98]
l=[12, 12, 15, 18, 23, 24, 30]
[12, 15, 18, 23, 24, 30] [12, 15, 18, 23, 24, 30]
l=[45, 49, 50, 51, 54, 55]
with index=0 removed, l=[49, 50, 51, 54, 55] or l2=[45, 49, 50, 51, 54, 55] is safe
l=[51, 55, 58, 60, 61, 58]
[55, 58, 60, 61, 58] [51, 58, 60, 61, 58]
l=[59, 63, 66, 69, 70, 70]
[63, 66, 69, 70, 70] [59, 66, 69, 70, 70]
l=[25, 29, 32, 34, 37, 40, 44]
[29, 32, 34, 37, 40, 44] [25, 32, 34, 37, 40, 44]
l=[13, 17, 19, 22, 25, 28, 29, 34]
[17, 19, 22, 25, 28, 29, 34] [13, 19, 22, 25, 28, 29, 34]
l=[69, 73, 71, 73, 74]
with index=0 removed, l=[73, 71, 73, 74] or l2=[69, 71, 73, 74] is safe
l=[3, 7, 4, 5, 4]
[7, 4, 5, 4] [3, 4, 5, 4]
l=[40, 44, 47, 50, 49, 52, 55, 55]
[44, 47, 50, 49, 52, 55, 55] [40, 47, 50, 49, 52, 55, 55]
l=[49, 53, 56, 58, 57, 59, 63]
[53, 56, 58, 57, 59, 63] [49, 56, 58, 57, 59, 63]
l=[48, 52, 55, 57, 60, 59, 62, 68]
[52, 55, 57, 60, 59, 62, 68] [48, 55, 57, 60, 59, 62, 68]
l=[60, 64, 67, 67, 68, 71, 74]
[64, 67, 67, 68, 71, 74] [60, 67, 67, 68, 71, 74]
l=[4, 8, 11, 13, 13, 14, 17, 14]
[8, 11, 13, 13, 14, 17, 14] [4, 11, 13, 13, 14, 17, 14]
l=[17, 21, 22, 22, 23, 26, 26]
[21, 22, 22, 23, 26, 26] [17, 22, 22, 23, 26, 26]
l=[32, 36, 36, 39, 43]
[36, 36, 39, 43] [32, 36, 39, 43]
l=[32, 36, 38, 41, 41, 48]
[36, 38, 41, 41, 48] [32, 38, 41, 41, 48]
l=[24, 28, 32, 34, 35, 36]
[28, 32, 34, 35, 36] [24, 32, 34, 35, 36]
l=[13, 17, 19, 23, 24, 26, 27, 24]
[17, 19, 23, 24, 26, 27, 24] [13, 19, 23, 24, 26, 27, 24]
l=[13, 17, 20, 24, 26, 26]
[17, 20, 24, 26, 26] [13, 20, 24, 26, 26]
l=[8, 12, 16, 18, 20, 24]
[12, 16, 18, 20, 24] [8, 16, 18, 20, 24]
l=[70, 74, 75, 77, 81, 83, 88]
[74, 75, 77, 81, 83, 88] [70, 75, 77, 81, 83, 88]
l=[8, 12, 13, 14, 16, 23, 26]
[12, 13, 14, 16, 23, 26] [8, 13, 14, 16, 23, 26]
l=[47, 51, 53, 54, 59, 60, 57]
[51, 53, 54, 59, 60, 57] [47, 53, 54, 59, 60, 57]
l=[3, 7, 12, 14, 16, 16]
[7, 12, 14, 16, 16] [3, 12, 14, 16, 16]
l=[21, 25, 30, 31, 35]
[25, 30, 31, 35] [21, 30, 31, 35]
l=[32, 36, 38, 43, 50]
[36, 38, 43, 50] [32, 38, 43, 50]
l=[40, 46, 48, 50, 52, 53]
with index=0 removed, l=[46, 48, 50, 52, 53] or l2=[40, 46, 48, 50, 52, 53] is safe
l=[5, 10, 13, 16, 19, 16]
[10, 13, 16, 19, 16] [5, 13, 16, 19, 16]
l=[11, 16, 18, 21, 22, 23, 23]
[16, 18, 21, 22, 23, 23] [11, 18, 21, 22, 23, 23]
l=[25, 31, 33, 34, 35, 36, 38, 42]
[31, 33, 34, 35, 36, 38, 42] [25, 33, 34, 35, 36, 38, 42]
l=[35, 41, 42, 44, 51]
[41, 42, 44, 51] [35, 42, 44, 51]
l=[83, 90, 91, 92, 90, 93, 95]
[90, 91, 92, 90, 93, 95] [83, 91, 92, 90, 93, 95]
l=[84, 90, 93, 92, 93, 96, 98, 97]
[90, 93, 92, 93, 96, 98, 97] [84, 93, 92, 93, 96, 98, 97]
l=[65, 70, 67, 68, 71, 73, 73]
[70, 67, 68, 71, 73, 73] [65, 67, 68, 71, 73, 73]
l=[63, 69, 70, 68, 69, 73]
[69, 70, 68, 69, 73] [63, 70, 68, 69, 73]
l=[57, 64, 62, 65, 67, 72]
[64, 62, 65, 67, 72] [57, 62, 65, 67, 72]
l=[21, 26, 28, 29, 31, 31, 34]
[26, 28, 29, 31, 31, 34] [21, 28, 29, 31, 31, 34]
l=[38, 44, 47, 47, 45]
[44, 47, 47, 45] [38, 47, 47, 45]
l=[77, 84, 84, 86, 88, 89, 89]
[84, 84, 86, 88, 89, 89] [77, 84, 86, 88, 89, 89]
l=[67, 73, 75, 75, 79]
[73, 75, 75, 79] [67, 75, 75, 79]
l=[2, 9, 12, 12, 14, 15, 20]
[9, 12, 12, 14, 15, 20] [2, 12, 12, 14, 15, 20]
l=[11, 16, 19, 23, 26]
[16, 19, 23, 26] [11, 19, 23, 26]
l=[39, 45, 49, 52, 49]
[45, 49, 52, 49] [39, 49, 52, 49]
l=[74, 81, 85, 86, 86]
[81, 85, 86, 86] [74, 85, 86, 86]
l=[44, 49, 51, 55, 59]
[49, 51, 55, 59] [44, 51, 55, 59]
l=[33, 40, 41, 45, 52]
[40, 41, 45, 52] [33, 41, 45, 52]
l=[48, 55, 57, 64, 67, 70]
[55, 57, 64, 67, 70] [48, 57, 64, 67, 70]
l=[73, 80, 83, 84, 87, 92, 93, 91]
[80, 83, 84, 87, 92, 93, 91] [73, 83, 84, 87, 92, 93, 91]
l=[36, 43, 45, 47, 49, 55, 55]
[43, 45, 47, 49, 55, 55] [36, 45, 47, 49, 55, 55]
l=[50, 57, 59, 61, 66, 67, 71]
[57, 59, 61, 66, 67, 71] [50, 59, 61, 66, 67, 71]
l=[31, 36, 39, 40, 43, 48, 54]
[36, 39, 40, 43, 48, 54] [31, 39, 40, 43, 48, 54]
l=[60, 57, 54, 52, 49, 50]
with index=4 removed, l=[60, 57, 54, 52, 50] or l2=[60, 57, 54, 52, 49, 50] is safe
l=[80, 78, 77, 75, 74, 73, 71, 71]
with index=6 removed, l=[80, 78, 77, 75, 74, 73, 71] or l2=[80, 78, 77, 75, 74, 73, 71, 71] is safe
l=[61, 59, 58, 55, 52, 48]
with index=4 removed, l=[61, 59, 58, 55, 48] or l2=[61, 59, 58, 55, 52] is safe
l=[72, 70, 69, 66, 64, 63, 56]
with index=5 removed, l=[72, 70, 69, 66, 64, 56] or l2=[72, 70, 69, 66, 64, 63] is safe
l=[14, 11, 8, 9, 8, 6]
with index=2 removed, l=[14, 11, 9, 8, 6] or l2=[14, 11, 8, 9, 8, 6] is safe
l=[14, 11, 9, 8, 5, 2, 4, 5]
[14, 11, 9, 8, 5, 4, 5] [14, 11, 9, 8, 5, 2, 5]
l=[91, 89, 88, 89, 86, 85, 82, 82]
[91, 89, 89, 86, 85, 82, 82] [91, 89, 88, 86, 85, 82, 82]
l=[11, 8, 10, 7, 3]
[11, 10, 7, 3] [11, 8, 7, 3]
l=[20, 18, 20, 18, 13]
[20, 20, 18, 13] [20, 18, 18, 13]
l=[41, 39, 38, 35, 35, 33, 30]
with index=3 removed, l=[41, 39, 38, 35, 33, 30] or l2=[41, 39, 38, 35, 35, 33, 30] is safe
l=[82, 81, 80, 80, 83]
[82, 81, 80, 83] [82, 81, 80, 83]
l=[54, 53, 53, 52, 49, 49]
[54, 53, 52, 49, 49] [54, 53, 52, 49, 49]
l=[90, 88, 85, 83, 83, 79]
[90, 88, 85, 83, 79] [90, 88, 85, 83, 79]
l=[80, 79, 79, 76, 69]
[80, 79, 76, 69] [80, 79, 76, 69]
l=[23, 22, 21, 17, 16]
[23, 22, 17, 16] [23, 22, 21, 16]
l=[60, 59, 57, 55, 52, 48, 51]
with index=4 removed, l=[60, 59, 57, 55, 48, 51] or l2=[60, 59, 57, 55, 52, 51] is safe
l=[43, 41, 37, 35, 35]
[43, 37, 35, 35] [43, 41, 35, 35]
l=[68, 66, 63, 60, 57, 53, 50, 46]
[68, 66, 63, 60, 53, 50, 46] [68, 66, 63, 60, 57, 50, 46]
l=[48, 45, 44, 40, 35]
[48, 45, 40, 35] [48, 45, 44, 35]
l=[54, 51, 50, 49, 46, 43, 37, 34]
[54, 51, 50, 49, 46, 37, 34] [54, 51, 50, 49, 46, 43, 34]
l=[69, 67, 64, 62, 59, 56, 49, 52]
[69, 67, 64, 62, 59, 49, 52] [69, 67, 64, 62, 59, 56, 52]
l=[24, 21, 14, 11, 10, 8, 7, 7]
[24, 14, 11, 10, 8, 7, 7] [24, 21, 11, 10, 8, 7, 7]
l=[52, 49, 42, 41, 37]
[52, 42, 41, 37] [52, 49, 41, 37]
l=[19, 18, 17, 11, 9, 2]
[19, 18, 11, 9, 2] [19, 18, 17, 9, 2]
l=[64, 65, 62, 59, 58, 57]
with index=1 removed, l=[64, 62, 59, 58, 57] or l2=[64, 65, 62, 59, 58, 57] is safe
l=[87, 90, 88, 86, 88]
[87, 88, 86, 88] [87, 90, 86, 88]
l=[56, 58, 55, 53, 52, 50, 49, 49]
[56, 55, 53, 52, 50, 49, 49] [56, 58, 53, 52, 50, 49, 49]
l=[23, 26, 25, 24, 20]
[23, 25, 24, 20] [23, 26, 24, 20]
l=[46, 47, 44, 41, 34]
[46, 44, 41, 34] [46, 47, 41, 34]
l=[22, 25, 28, 27, 24]
[22, 25, 27, 24] [22, 25, 28, 24]
l=[35, 37, 35, 32, 31, 33, 30, 32]
[35, 35, 32, 31, 33, 30, 32] [35, 37, 32, 31, 33, 30, 32]
l=[14, 15, 16, 14, 12, 12]
[14, 15, 14, 12, 12] [14, 15, 16, 12, 12]
l=[70, 73, 71, 73, 70, 69, 67, 63]
[70, 71, 73, 70, 69, 67, 63] [70, 73, 73, 70, 69, 67, 63]
l=[83, 85, 86, 83, 78]
[83, 85, 83, 78] [83, 85, 86, 78]
l=[68, 70, 68, 66, 66, 63, 60, 58]
[68, 68, 66, 66, 63, 60, 58] [68, 70, 66, 66, 63, 60, 58]
l=[95, 96, 95, 95, 93, 94]
[95, 95, 95, 93, 94] [95, 96, 95, 93, 94]
l=[19, 22, 19, 18, 18, 15, 15]
[19, 19, 18, 18, 15, 15] [19, 22, 18, 18, 15, 15]
l=[14, 15, 12, 12, 9, 5]
[14, 12, 12, 9, 5] [14, 15, 12, 9, 5]
l=[90, 93, 93, 92, 90, 88, 82]
[90, 93, 92, 90, 88, 82] [90, 93, 92, 90, 88, 82]
l=[30, 32, 30, 28, 25, 22, 18, 17]
[30, 30, 28, 25, 22, 18, 17] [30, 32, 28, 25, 22, 18, 17]
l=[81, 84, 82, 78, 80]
[81, 82, 78, 80] [81, 84, 78, 80]
l=[55, 58, 55, 51, 48, 45, 45]
[55, 55, 51, 48, 45, 45] [55, 58, 51, 48, 45, 45]
l=[47, 49, 46, 43, 39, 36, 32]
[47, 46, 43, 39, 36, 32] [47, 49, 43, 39, 36, 32]
l=[46, 49, 48, 45, 43, 42, 38, 33]
[46, 48, 45, 43, 42, 38, 33] [46, 49, 45, 43, 42, 38, 33]
l=[16, 17, 10, 9, 7, 5, 3, 2]
[16, 10, 9, 7, 5, 3, 2] [16, 17, 9, 7, 5, 3, 2]
l=[11, 13, 10, 5, 3, 2, 1, 4]
[11, 10, 5, 3, 2, 1, 4] [11, 13, 5, 3, 2, 1, 4]
l=[77, 79, 76, 74, 71, 68, 63, 63]
[77, 76, 74, 71, 68, 63, 63] [77, 79, 74, 71, 68, 63, 63]
l=[53, 56, 50, 47, 46, 42]
[53, 50, 47, 46, 42] [53, 56, 47, 46, 42]
l=[39, 42, 35, 33, 30, 27, 21]
[39, 35, 33, 30, 27, 21] [39, 42, 33, 30, 27, 21]
l=[62, 62, 60, 59, 58, 56, 55]
with index=0 removed, l=[62, 60, 59, 58, 56, 55] or l2=[62, 62, 60, 59, 58, 56, 55] is safe
l=[69, 69, 68, 65, 63, 66]
[69, 68, 65, 63, 66] [69, 68, 65, 63, 66]
l=[87, 87, 86, 84, 82, 80, 78, 78]
[87, 86, 84, 82, 80, 78, 78] [87, 86, 84, 82, 80, 78, 78]
l=[71, 71, 68, 65, 61]
[71, 68, 65, 61] [71, 68, 65, 61]
l=[17, 17, 14, 11, 10, 8, 2]
[17, 14, 11, 10, 8, 2] [17, 14, 11, 10, 8, 2]
l=[13, 13, 10, 8, 10, 9, 6, 3]
[13, 10, 8, 10, 9, 6, 3] [13, 10, 8, 10, 9, 6, 3]
l=[39, 39, 37, 40, 39, 36, 33, 36]
[39, 37, 40, 39, 36, 33, 36] [39, 37, 40, 39, 36, 33, 36]
l=[73, 73, 71, 68, 66, 63, 64, 64]
[73, 71, 68, 66, 63, 64, 64] [73, 71, 68, 66, 63, 64, 64]
l=[14, 14, 15, 12, 10, 9, 5]
[14, 15, 12, 10, 9, 5] [14, 15, 12, 10, 9, 5]
l=[33, 33, 32, 31, 32, 30, 28, 21]
[33, 32, 31, 32, 30, 28, 21] [33, 32, 31, 32, 30, 28, 21]
l=[78, 78, 77, 77, 75, 74, 72]
[78, 77, 77, 75, 74, 72] [78, 77, 77, 75, 74, 72]
l=[86, 86, 85, 85, 84, 81, 82]
[86, 85, 85, 84, 81, 82] [86, 85, 85, 84, 81, 82]
l=[3, 3, 2, 2, 2]
[3, 2, 2, 2] [3, 2, 2, 2]
l=[91, 91, 88, 85, 85, 82, 81, 77]
[91, 88, 85, 85, 82, 81, 77] [91, 88, 85, 85, 82, 81, 77]
l=[93, 93, 92, 92, 89, 87, 80]
[93, 92, 92, 89, 87, 80] [93, 92, 92, 89, 87, 80]
l=[47, 47, 43, 42, 41, 39]
[47, 43, 42, 41, 39] [47, 43, 42, 41, 39]
l=[21, 21, 18, 16, 13, 11, 7, 8]
[21, 18, 16, 13, 11, 7, 8] [21, 18, 16, 13, 11, 7, 8]
l=[50, 50, 47, 45, 44, 40, 40]
[50, 47, 45, 44, 40, 40] [50, 47, 45, 44, 40, 40]
l=[20, 20, 18, 14, 11, 7]
[20, 18, 14, 11, 7] [20, 18, 14, 11, 7]
l=[64, 64, 63, 60, 56, 55, 49]
[64, 63, 60, 56, 55, 49] [64, 63, 60, 56, 55, 49]
l=[66, 66, 65, 60, 57]
[66, 65, 60, 57] [66, 65, 60, 57]
l=[63, 63, 56, 55, 54, 57]
[63, 56, 55, 54, 57] [63, 56, 55, 54, 57]
l=[21, 21, 15, 12, 12]
[21, 15, 12, 12] [21, 15, 12, 12]
l=[82, 82, 80, 79, 74, 72, 68]
[82, 80, 79, 74, 72, 68] [82, 80, 79, 74, 72, 68]
l=[42, 42, 40, 35, 30]
[42, 40, 35, 30] [42, 40, 35, 30]
l=[59, 55, 52, 49, 47, 44]
with index=0 removed, l=[55, 52, 49, 47, 44] or l2=[59, 55, 52, 49, 47, 44] is safe
l=[25, 21, 19, 16, 17]
[21, 19, 16, 17] [25, 19, 16, 17]
l=[57, 53, 52, 51, 49, 48, 48]
[53, 52, 51, 49, 48, 48] [57, 52, 51, 49, 48, 48]
l=[59, 55, 52, 51, 48, 45, 41]
[55, 52, 51, 48, 45, 41] [59, 52, 51, 48, 45, 41]
l=[28, 24, 22, 21, 16]
[24, 22, 21, 16] [28, 22, 21, 16]
l=[92, 88, 86, 89, 87, 86, 83, 82]
[88, 86, 89, 87, 86, 83, 82] [92, 86, 89, 87, 86, 83, 82]
l=[38, 34, 35, 34, 32, 34]
[34, 35, 34, 32, 34] [38, 35, 34, 32, 34]
l=[30, 26, 29, 28, 25, 22, 22]
[26, 29, 28, 25, 22, 22] [30, 29, 28, 25, 22, 22]
l=[29, 25, 24, 22, 23, 20, 16]
[25, 24, 22, 23, 20, 16] [29, 24, 22, 23, 20, 16]
l=[93, 89, 88, 86, 88, 86, 83, 77]
[89, 88, 86, 88, 86, 83, 77] [93, 88, 86, 88, 86, 83, 77]
l=[65, 61, 61, 59, 58, 55]
[61, 61, 59, 58, 55] [65, 61, 59, 58, 55]
l=[46, 42, 39, 39, 42]
[42, 39, 39, 42] [46, 39, 39, 42]
l=[90, 86, 86, 83, 80, 78, 78]
[86, 86, 83, 80, 78, 78] [90, 86, 83, 80, 78, 78]
l=[41, 37, 34, 32, 31, 30, 30, 26]
[37, 34, 32, 31, 30, 30, 26] [41, 34, 32, 31, 30, 30, 26]
l=[21, 17, 16, 16, 15, 12, 6]
[17, 16, 16, 15, 12, 6] [21, 16, 16, 15, 12, 6]
l=[55, 51, 49, 45, 43]
[51, 49, 45, 43] [55, 49, 45, 43]
l=[30, 26, 23, 21, 20, 16, 19]
[26, 23, 21, 20, 16, 19] [30, 23, 21, 20, 16, 19]
l=[92, 88, 87, 85, 81, 81]
[88, 87, 85, 81, 81] [92, 87, 85, 81, 81]
l=[42, 38, 35, 31, 30, 26]
[38, 35, 31, 30, 26] [42, 35, 31, 30, 26]
l=[75, 71, 70, 69, 68, 64, 58]
[71, 70, 69, 68, 64, 58] [75, 70, 69, 68, 64, 58]
l=[74, 70, 64, 62, 60]
[70, 64, 62, 60] [74, 64, 62, 60]
l=[34, 30, 28, 21, 23]
[30, 28, 21, 23] [34, 28, 21, 23]
l=[98, 94, 93, 87, 87]
[94, 93, 87, 87] [98, 93, 87, 87]
l=[30, 26, 25, 20, 19, 15]
[26, 25, 20, 19, 15] [30, 25, 20, 19, 15]
l=[57, 53, 50, 43, 42, 40, 39, 32]
[53, 50, 43, 42, 40, 39, 32] [57, 50, 43, 42, 40, 39, 32]
l=[92, 86, 85, 83, 80, 79, 76]
with index=0 removed, l=[86, 85, 83, 80, 79, 76] or l2=[92, 86, 85, 83, 80, 79, 76] is safe
l=[99, 94, 92, 91, 89, 88, 85, 87]
[94, 92, 91, 89, 88, 85, 87] [99, 92, 91, 89, 88, 85, 87]
l=[27, 21, 20, 18, 15, 15]
[21, 20, 18, 15, 15] [27, 20, 18, 15, 15]
l=[73, 67, 64, 62, 61, 57]
[67, 64, 62, 61, 57] [73, 64, 62, 61, 57]
l=[97, 91, 90, 88, 85, 83, 78]
[91, 90, 88, 85, 83, 78] [97, 90, 88, 85, 83, 78]
l=[90, 85, 82, 79, 81, 79, 76, 73]
[85, 82, 79, 81, 79, 76, 73] [90, 82, 79, 81, 79, 76, 73]
l=[75, 68, 65, 66, 65, 66]
[68, 65, 66, 65, 66] [75, 65, 66, 65, 66]
l=[19, 14, 11, 9, 10, 7, 6, 6]
[14, 11, 9, 10, 7, 6, 6] [19, 11, 9, 10, 7, 6, 6]
l=[63, 56, 54, 52, 49, 48, 51, 47]
[56, 54, 52, 49, 48, 51, 47] [63, 54, 52, 49, 48, 51, 47]
l=[72, 66, 65, 63, 65, 64, 62, 55]
[66, 65, 63, 65, 64, 62, 55] [72, 65, 63, 65, 64, 62, 55]
l=[28, 21, 19, 16, 16, 13]
[21, 19, 16, 16, 13] [28, 19, 16, 16, 13]
l=[72, 66, 66, 63, 65]
[66, 66, 63, 65] [72, 66, 63, 65]
l=[29, 24, 24, 23, 21, 21]
[24, 24, 23, 21, 21] [29, 24, 23, 21, 21]
l=[70, 65, 64, 64, 62, 60, 57, 53]
[65, 64, 64, 62, 60, 57, 53] [70, 64, 64, 62, 60, 57, 53]
l=[26, 20, 18, 18, 13]
[20, 18, 18, 13] [26, 18, 18, 13]
l=[99, 94, 90, 89, 86, 84, 81]
[94, 90, 89, 86, 84, 81] [99, 90, 89, 86, 84, 81]
l=[21, 14, 11, 9, 5, 4, 7]
[14, 11, 9, 5, 4, 7] [21, 11, 9, 5, 4, 7]
l=[77, 71, 67, 66, 64, 64]
[71, 67, 66, 64, 64] [77, 67, 66, 64, 64]
l=[26, 20, 18, 14, 12, 11, 7]
[20, 18, 14, 12, 11, 7] [26, 18, 14, 12, 11, 7]
l=[82, 77, 76, 75, 74, 70, 68, 63]
[77, 76, 75, 74, 70, 68, 63] [82, 76, 75, 74, 70, 68, 63]
l=[39, 34, 27, 24, 21]
[34, 27, 24, 21] [39, 27, 24, 21]
l=[20, 14, 13, 8, 5, 4, 1, 2]
[14, 13, 8, 5, 4, 1, 2] [20, 13, 8, 5, 4, 1, 2]
l=[61, 54, 53, 48, 45, 45]
[54, 53, 48, 45, 45] [61, 53, 48, 45, 45]
l=[22, 16, 15, 8, 4]
[16, 15, 8, 4] [22, 15, 8, 4]
l=[52, 45, 42, 40, 34, 29]
[45, 42, 40, 34, 29] [52, 42, 40, 34, 29]
l=[91, 94, 97, 96, 95, 92, 90]
[91, 94, 96, 95, 92, 90] [91, 94, 97, 95, 92, 90]
l=[55, 54, 54, 56, 58, 58]
[55, 54, 56, 58, 58] [55, 54, 56, 58, 58]
l=[51, 51, 53, 54, 56, 60, 63, 61]
[51, 53, 54, 56, 60, 63, 61] [51, 53, 54, 56, 60, 63, 61]
l=[36, 38, 40, 45, 46, 49, 48]
[36, 38, 45, 46, 49, 48] [36, 38, 40, 46, 49, 48]
l=[86, 91, 88, 91, 93, 97]
[91, 88, 91, 93, 97] [86, 88, 91, 93, 97]
l=[80, 76, 73, 70, 66, 64, 67]
[76, 73, 70, 66, 64, 67] [80, 73, 70, 66, 64, 67]
l=[51, 48, 48, 50, 53, 57]
[51, 48, 50, 53, 57] [51, 48, 50, 53, 57]
l=[71, 71, 69, 65, 63, 63]
[71, 69, 65, 63, 63] [71, 69, 65, 63, 63]
l=[93, 93, 91, 92, 93]
[93, 91, 92, 93] [93, 91, 92, 93]
l=[61, 64, 63, 65, 66, 70]
[61, 63, 65, 66, 70] [61, 64, 65, 66, 70]
l=[67, 68, 71, 74, 81, 82, 84, 90]
[67, 68, 71, 81, 82, 84, 90] [67, 68, 71, 74, 82, 84, 90]
l=[7, 12, 14, 16, 20, 22, 24, 21]
[12, 14, 16, 20, 22, 24, 21] [7, 14, 16, 20, 22, 24, 21]
l=[5, 3, 4, 6, 9, 10, 10, 17]
[5, 4, 6, 9, 10, 10, 17] [5, 3, 6, 9, 10, 10, 17]
l=[65, 66, 65, 65, 61]
[65, 65, 65, 61] [65, 66, 65, 61]
l=[56, 59, 60, 64, 65, 69]
[56, 59, 64, 65, 69] [56, 59, 60, 65, 69]
l=[68, 69, 68, 71, 74, 77]
with index=1 removed, l=[68, 68, 71, 74, 77] or l2=[68, 69, 71, 74, 77] is safe
l=[93, 96, 94, 93, 89, 91]
[93, 94, 93, 89, 91] [93, 96, 93, 89, 91]
l=[8, 7, 8, 9, 12, 11, 15]
[8, 8, 9, 12, 11, 15] [8, 7, 9, 12, 11, 15]
l=[80, 73, 75, 74, 71]
[73, 75, 74, 71] [80, 75, 74, 71]
l=[75, 71, 69, 66, 64, 58, 57, 58]
[71, 69, 66, 64, 58, 57, 58] [75, 69, 66, 64, 58, 57, 58]
l=[23, 21, 20, 23, 21, 16]
[23, 21, 23, 21, 16] [23, 21, 20, 21, 16]
l=[53, 56, 54, 51, 51, 54]
[53, 54, 51, 51, 54] [53, 56, 51, 51, 54]
l=[72, 77, 83, 85, 88, 89, 91]
[77, 83, 85, 88, 89, 91] [72, 83, 85, 88, 89, 91]
l=[55, 51, 49, 46, 46, 43, 42]
[51, 49, 46, 46, 43, 42] [55, 49, 46, 46, 43, 42]
l=[17, 13, 9, 6, 3, 3]
[13, 9, 6, 3, 3] [17, 9, 6, 3, 3]
l=[30, 26, 20, 17, 15, 12, 9, 9]
[26, 20, 17, 15, 12, 9, 9] [30, 20, 17, 15, 12, 9, 9]
l=[67, 67, 74, 75, 76, 78]
[67, 74, 75, 76, 78] [67, 74, 75, 76, 78]
l=[90, 88, 85, 84, 81, 77, 75, 74]
[90, 88, 85, 84, 77, 75, 74] [90, 88, 85, 84, 81, 75, 74]
l=[7, 7, 14, 16, 20]
[7, 14, 16, 20] [7, 14, 16, 20]
l=[62, 66, 73, 75, 73]
[66, 73, 75, 73] [62, 73, 75, 73]
l=[11, 13, 16, 17, 18, 19, 26]
with index=5 removed, l=[11, 13, 16, 17, 18, 26] or l2=[11, 13, 16, 17, 18, 19] is safe
l=[34, 27, 25, 28, 26, 23, 20, 15]
[27, 25, 28, 26, 23, 20, 15] [34, 25, 28, 26, 23, 20, 15]
l=[20, 18, 21, 23, 26, 29, 33, 37]
[20, 21, 23, 26, 29, 33, 37] [20, 18, 23, 26, 29, 33, 37]
l=[6, 11, 9, 12, 14, 15, 12]
[11, 9, 12, 14, 15, 12] [6, 9, 12, 14, 15, 12]
l=[71, 73, 72, 69, 66]
[71, 72, 69, 66] [71, 73, 69, 66]
l=[51, 54, 53, 52, 52, 45]
[51, 53, 52, 52, 45] [51, 54, 52, 52, 45]
l=[81, 88, 85, 88, 88]
[88, 85, 88, 88] [81, 85, 88, 88]
l=[16, 12, 11, 10, 9, 9]
[12, 11, 10, 9, 9] [16, 11, 10, 9, 9]
l=[69, 69, 66, 63, 59, 56, 52]
[69, 66, 63, 59, 56, 52] [69, 66, 63, 59, 56, 52]
l=[80, 84, 86, 93, 93]
[84, 86, 93, 93] [80, 86, 93, 93]
l=[30, 24, 22, 15, 13, 12, 9]
[24, 22, 15, 13, 12, 9] [30, 22, 15, 13, 12, 9]
l=[99, 99, 94, 93, 92, 94]
[99, 94, 93, 92, 94] [99, 94, 93, 92, 94]
l=[61, 58, 57, 56, 56, 52]
[61, 58, 57, 56, 52] [61, 58, 57, 56, 52]
l=[85, 89, 87, 89, 92, 97]
[89, 87, 89, 92, 97] [85, 87, 89, 92, 97]
l=[57, 54, 54, 52, 46]
[57, 54, 52, 46] [57, 54, 52, 46]
l=[45, 40, 37, 34, 32, 29, 27, 30]
[40, 37, 34, 32, 29, 27, 30] [45, 37, 34, 32, 29, 27, 30]
l=[66, 64, 58, 56, 55, 52, 52]
[66, 58, 56, 55, 52, 52] [66, 64, 56, 55, 52, 52]
l=[37, 44, 45, 50, 53, 54, 51]
[44, 45, 50, 53, 54, 51] [37, 45, 50, 53, 54, 51]
l=[76, 70, 68, 65, 65, 64, 61, 61]
[70, 68, 65, 65, 64, 61, 61] [76, 68, 65, 65, 64, 61, 61]
l=[69, 69, 67, 65, 66, 63, 66]
[69, 67, 65, 66, 63, 66] [69, 67, 65, 66, 63, 66]
l=[15, 19, 22, 26, 28, 30, 34]
[19, 22, 26, 28, 30, 34] [15, 22, 26, 28, 30, 34]
l=[7, 7, 8, 9, 11, 14, 18, 22]
[7, 8, 9, 11, 14, 18, 22] [7, 8, 9, 11, 14, 18, 22]
l=[11, 15, 17, 17, 23]
[15, 17, 17, 23] [11, 17, 17, 23]
l=[70, 64, 63, 62, 60, 60, 57, 50]
[64, 63, 62, 60, 60, 57, 50] [70, 63, 62, 60, 60, 57, 50]
l=[27, 27, 30, 32, 38, 40, 41, 47]
[27, 30, 32, 38, 40, 41, 47] [27, 30, 32, 38, 40, 41, 47]
l=[42, 40, 36, 35, 34, 32, 26]
[42, 36, 35, 34, 32, 26] [42, 40, 35, 34, 32, 26]
l=[23, 22, 24, 26, 26, 28, 31, 34]
[23, 24, 26, 26, 28, 31, 34] [23, 22, 26, 26, 28, 31, 34]
l=[53, 57, 57, 60, 61, 64, 66, 70]
[57, 57, 60, 61, 64, 66, 70] [53, 57, 60, 61, 64, 66, 70]
l=[57, 57, 60, 61, 64, 67, 68, 71]
with index=0 removed, l=[57, 60, 61, 64, 67, 68, 71] or l2=[57, 57, 60, 61, 64, 67, 68, 71] is safe
l=[61, 61, 58, 57, 52, 49, 49]
[61, 58, 57, 52, 49, 49] [61, 58, 57, 52, 49, 49]
l=[45, 43, 41, 39, 32, 26]
[45, 43, 41, 32, 26] [45, 43, 41, 39, 26]
l=[79, 83, 85, 88, 89, 92, 94, 94]
[83, 85, 88, 89, 92, 94, 94] [79, 85, 88, 89, 92, 94, 94]
l=[7, 7, 9, 8, 11, 11]
[7, 9, 8, 11, 11] [7, 9, 8, 11, 11]
l=[79, 79, 78, 76, 78]
[79, 78, 76, 78] [79, 78, 76, 78]
l=[37, 35, 36, 39, 41, 42, 44, 44]
[37, 36, 39, 41, 42, 44, 44] [37, 35, 39, 41, 42, 44, 44]
l=[78, 78, 79, 77, 81]
[78, 79, 77, 81] [78, 79, 77, 81]
l=[52, 55, 54, 51, 50, 43]
[52, 54, 51, 50, 43] [52, 55, 51, 50, 43]
l=[80, 82, 85, 88, 90, 87, 88, 88]
[80, 82, 85, 88, 87, 88, 88] [80, 82, 85, 88, 90, 88, 88]
l=[88, 84, 84, 82, 79, 76, 72]
[84, 84, 82, 79, 76, 72] [88, 84, 82, 79, 76, 72]
l=[35, 41, 43, 45, 47, 48, 55, 59]
[41, 43, 45, 47, 48, 55, 59] [35, 43, 45, 47, 48, 55, 59]
l=[59, 59, 60, 59, 57, 57]
[59, 60, 59, 57, 57] [59, 60, 59, 57, 57]
l=[45, 45, 47, 46, 43, 40, 36]
[45, 47, 46, 43, 40, 36] [45, 47, 46, 43, 40, 36]
l=[50, 44, 40, 39, 36, 34, 32, 28]
[44, 40, 39, 36, 34, 32, 28] [50, 40, 39, 36, 34, 32, 28]
l=[57, 61, 60, 62, 64, 65, 67]
with index=0 removed, l=[61, 60, 62, 64, 65, 67] or l2=[57, 60, 62, 64, 65, 67] is safe
l=[75, 71, 69, 66, 68, 66, 61]
[71, 69, 66, 68, 66, 61] [75, 69, 66, 68, 66, 61]
l=[71, 67, 66, 65, 63, 65, 64]
[67, 66, 65, 63, 65, 64] [71, 66, 65, 63, 65, 64]
l=[34, 29, 28, 26, 24, 22, 25, 27]
[29, 28, 26, 24, 22, 25, 27] [34, 28, 26, 24, 22, 25, 27]
l=[32, 32, 29, 29, 29]
[32, 29, 29, 29] [32, 29, 29, 29]
l=[45, 52, 53, 55, 55]
[52, 53, 55, 55] [45, 53, 55, 55]
l=[60, 57, 58, 62, 65, 63]
[60, 58, 62, 65, 63] [60, 57, 62, 65, 63]
l=[22, 16, 15, 13, 12, 9, 7, 3]
[16, 15, 13, 12, 9, 7, 3] [22, 15, 13, 12, 9, 7, 3]
l=[39, 43, 44, 47, 50, 53, 56, 57]
with index=0 removed, l=[43, 44, 47, 50, 53, 56, 57] or l2=[39, 43, 44, 47, 50, 53, 56, 57] is safe
l=[38, 42, 44, 46, 43]
[42, 44, 46, 43] [38, 44, 46, 43]
l=[53, 50, 52, 59, 58]
[53, 52, 59, 58] [53, 50, 59, 58]
l=[22, 21, 17, 15, 14, 11, 11]
[22, 17, 15, 14, 11, 11] [22, 21, 15, 14, 11, 11]
l=[61, 68, 69, 68, 71, 74, 79]
[68, 69, 68, 71, 74, 79] [61, 69, 68, 71, 74, 79]
l=[85, 83, 83, 81, 81]
[85, 83, 81, 81] [85, 83, 81, 81]
l=[52, 56, 58, 65, 69]
[56, 58, 65, 69] [52, 58, 65, 69]
l=[82, 76, 70, 67, 65, 63, 56]
[76, 70, 67, 65, 63, 56] [82, 70, 67, 65, 63, 56]
l=[57, 64, 67, 70, 73, 73, 74, 81]
[64, 67, 70, 73, 73, 74, 81] [57, 67, 70, 73, 73, 74, 81]
l=[10, 10, 10, 8, 6, 4]
[10, 10, 8, 6, 4] [10, 10, 8, 6, 4]
l=[63, 65, 63, 62, 58, 55, 55]
[63, 63, 62, 58, 55, 55] [63, 65, 62, 58, 55, 55]
l=[49, 48, 47, 46, 43, 42, 41]
l is safe
l=[44, 46, 47, 50, 52, 55, 58]
l is safe
l=[16, 18, 21, 24, 26]
l is safe
l=[35, 36, 38, 41, 42, 45, 48]
l is safe
l=[79, 77, 76, 73, 70, 69, 67]
l is safe
l=[20, 17, 16, 14, 11]
l is safe
l=[48, 46, 43, 40, 37]
l is safe
l=[55, 58, 61, 62, 65, 67]
l is safe
l=[89, 88, 87, 84, 83, 80, 78]
l is safe
l=[69, 71, 73, 75, 76]
l is safe
l=[31, 28, 25, 24, 22, 21, 18, 15]
l is safe
l=[34, 31, 29, 27, 25, 22, 20, 17]
l is safe
l=[58, 55, 52, 49, 47, 44, 41]
l is safe
l=[24, 25, 27, 29, 31, 33, 36, 38]
l is safe
l=[92, 90, 89, 87, 85, 83]
l is safe
l=[9, 12, 15, 18, 20]
l is safe
l=[78, 77, 75, 74, 71, 68]
l is safe
l=[20, 17, 16, 13, 12, 9, 7]
l is safe
l=[18, 15, 12, 10, 8]
l is safe
l=[85, 82, 81, 78, 77, 75]
l is safe
l=[77, 78, 79, 81, 83]
l is safe
l=[84, 85, 86, 87, 89, 90, 92, 94]
l is safe
l=[57, 56, 53, 52, 51, 48, 47, 46]
l is safe
l=[46, 49, 52, 54, 55, 57, 58]
l is safe
l=[40, 37, 34, 33, 32, 31]
l is safe
l=[47, 50, 52, 53, 55]
l is safe
l=[50, 48, 47, 45, 43, 40]
l is safe
l=[63, 61, 59, 58, 57, 55, 52]
l is safe
l=[23, 21, 18, 15, 13, 11]
l is safe
l=[67, 64, 61, 59, 57, 55]
l is safe
l=[54, 52, 51, 50, 49, 47]
l is safe
l=[37, 40, 43, 46, 47, 48, 49]
l is safe
l=[11, 10, 9, 7, 4, 3, 2]
l is safe
l=[79, 80, 83, 86, 87, 88]
l is safe
l=[55, 54, 53, 52, 49, 48]
l is safe
l=[18, 16, 13, 10, 7]
l is safe
l=[73, 72, 70, 69, 68, 67, 66, 65]
l is safe
l=[40, 38, 36, 35, 33, 31, 29, 28]
l is safe
l=[44, 45, 47, 49, 51]
l is safe
l=[70, 73, 75, 78, 79, 80, 81, 84]
l is safe
l=[21, 23, 26, 29, 31, 34, 35]
l is safe
l=[1, 3, 5, 8, 10, 11, 13]
l is safe
l=[39, 40, 41, 42, 43, 45, 46]
l is safe
l=[72, 75, 77, 78, 80, 82]
l is safe
l=[42, 43, 45, 47, 49, 52]
l is safe
l=[22, 19, 18, 16, 13, 11]
l is safe
l=[43, 45, 47, 49, 50, 52, 54]
l is safe
l=[68, 66, 64, 63, 60, 57, 56]
l is safe
l=[53, 55, 57, 59, 62, 65]
l is safe
l=[30, 27, 26, 23, 22]
l is safe
l=[30, 32, 35, 37, 38, 40]
l is safe
l=[27, 24, 23, 21, 20, 18, 17, 14]
l is safe
l=[38, 39, 40, 43, 44, 45, 47, 49]
l is safe
l=[2, 5, 7, 8, 11]
l is safe
l=[94, 91, 90, 87, 85, 84, 83, 82]
l is safe
l=[70, 68, 66, 63, 61, 58]
l is safe
l=[49, 52, 55, 56, 59, 60]
l is safe
l=[32, 31, 29, 27, 25, 24, 23, 20]
l is safe
l=[51, 50, 49, 48, 46, 43, 40, 39]
l is safe
l=[19, 20, 21, 23, 24]
l is safe
l=[86, 84, 82, 79, 77, 75]
l is safe
l=[30, 28, 26, 23, 21, 20, 18]
l is safe
l=[93, 92, 89, 86, 84, 83, 80, 78]
l is safe
l=[42, 44, 46, 49, 52, 54, 57]
l is safe
l=[33, 34, 37, 39, 42]
l is safe
l=[76, 78, 81, 82, 85, 86, 87, 90]
l is safe
l=[97, 96, 93, 90, 89, 87, 85]
l is safe
l=[87, 90, 91, 94, 97, 99]
l is safe
l=[37, 34, 33, 31, 29]
l is safe
l=[45, 42, 39, 37, 35, 34]
l is safe
l=[37, 40, 41, 44, 45, 46, 49]
l is safe
l=[4, 6, 7, 8, 10, 11, 14, 17]
l is safe
l=[89, 87, 85, 84, 81, 79, 77]
l is safe
l=[74, 75, 76, 79, 82, 84, 85, 86]
l is safe
l=[97, 96, 93, 91, 90, 87, 84, 81]
l is safe
l=[91, 92, 93, 96, 98]
l is safe
l=[13, 12, 11, 9, 6, 5]
l is safe
l=[37, 38, 39, 42, 43, 45]
l is safe
l=[26, 25, 24, 21, 20]
l is safe
l=[40, 41, 42, 43, 45, 46, 47, 49]
l is safe
l=[38, 36, 33, 31, 30, 29, 27]
l is safe
l=[84, 81, 80, 79, 77, 75, 72]
l is safe
l=[84, 82, 81, 80, 79]
l is safe
l=[47, 49, 52, 53, 55, 58, 59, 62]
l is safe
l=[71, 72, 74, 75, 76, 78, 80]
l is safe
l=[56, 53, 51, 49, 46, 44, 42]
l is safe
l=[67, 66, 65, 64, 63, 62, 59]
l is safe
l=[64, 67, 68, 71, 72, 73, 74]
l is safe
l=[54, 56, 57, 60, 63, 64, 65]
l is safe
l=[97, 96, 94, 92, 90, 87, 85, 84]
l is safe
l=[31, 28, 25, 24, 23]
l is safe
l=[90, 87, 84, 82, 81, 80, 79, 77]
l is safe
l=[87, 89, 92, 94, 96]
l is safe
l=[84, 83, 82, 79, 77, 74, 71]
l is safe
l=[56, 59, 61, 63, 64, 67]
l is safe
l=[66, 68, 69, 72, 75, 78, 81]
l is safe
l=[56, 59, 60, 61, 64]
l is safe
l=[85, 86, 88, 91, 93, 94, 97]
l is safe
l=[82, 81, 80, 77, 76]
l is safe
l=[1, 3, 4, 5, 7, 9, 12, 13]
l is safe
l=[89, 87, 84, 81, 78]
l is safe
l=[89, 87, 86, 85, 84, 81, 78, 76]
l is safe
l=[79, 81, 82, 83, 84]
l is safe
l=[34, 33, 31, 28, 27]
l is safe
l=[24, 23, 22, 20, 18, 16, 14, 12]
l is safe
l=[32, 31, 30, 28, 25, 23, 20]
l is safe
l=[63, 61, 58, 57, 56, 53, 50, 47]
l is safe
l=[42, 43, 45, 46, 47, 49, 50]
l is safe
l=[46, 47, 48, 49, 50, 53, 55]
l is safe
l=[18, 15, 13, 10, 7]
l is safe
l=[11, 12, 13, 14, 16, 18, 19]
l is safe
l=[64, 66, 67, 69, 72, 75, 76]
l is safe
l=[31, 30, 27, 26, 25, 23, 20, 17]
l is safe
l=[76, 74, 72, 69, 68, 66, 64, 61]
l is safe
l=[23, 21, 19, 18, 15, 13, 11, 10]
l is safe
l=[30, 29, 28, 26, 25, 22, 20, 18]
l is safe
l=[10, 11, 13, 15, 17, 18, 21]
l is safe
l=[4, 5, 7, 10, 12, 14, 17]
l is safe
l=[71, 70, 68, 67, 64]
l is safe
l=[89, 86, 85, 84, 83, 81, 80]
l is safe
l=[86, 83, 82, 81, 78, 75]
l is safe
l=[53, 55, 56, 59, 62]
l is safe
l=[29, 30, 33, 36, 39, 42, 45, 47]
l is safe
l=[14, 17, 19, 20, 21, 23, 26]
l is safe
l=[69, 71, 72, 73, 75, 76]
l is safe
l=[84, 81, 80, 79, 78]
l is safe
l=[11, 8, 6, 4, 3, 1]
l is safe
l=[76, 77, 78, 81, 82, 85, 86, 87]
l is safe
l=[85, 88, 91, 92, 93, 94, 96]
l is safe
l=[57, 58, 59, 61, 63]
l is safe
l=[43, 42, 41, 40, 37]
l is safe
l=[21, 19, 17, 14, 13, 10, 9, 6]
l is safe
l=[19, 18, 15, 14, 11, 9, 8]
l is safe
l=[18, 15, 13, 11, 10]
l is safe
l=[45, 48, 50, 51, 54, 57]
l is safe
l=[51, 48, 45, 44, 41, 40]
l is safe
l=[48, 47, 45, 44, 42, 40, 37, 35]
l is safe
l=[58, 55, 52, 50, 48, 45]
l is safe
l=[65, 68, 69, 72, 73, 74, 75]
l is safe
l=[52, 55, 56, 58, 59, 62, 63, 64]
l is safe
l=[29, 30, 32, 35, 36, 39]
l is safe
l=[70, 72, 73, 76, 78]
l is safe
l=[85, 86, 87, 88, 90]
l is safe
l=[20, 23, 25, 28, 29, 30]
l is safe
l=[11, 10, 7, 6, 4]
l is safe
l=[84, 81, 78, 77, 75]
l is safe
l=[85, 82, 81, 80, 78, 77]
l is safe
l=[82, 79, 77, 76, 73, 71, 69, 67]
l is safe
l=[23, 21, 19, 18, 15, 14, 11]
l is safe
l=[83, 80, 79, 76, 75, 73]
l is safe
l=[4, 7, 8, 10, 11]
l is safe
l=[26, 24, 21, 20, 17, 15, 14, 12]
l is safe
l=[86, 85, 83, 81, 79, 77]
l is safe
l=[75, 74, 73, 70, 68, 66, 63]
l is safe
l=[32, 31, 30, 28, 26]
l is safe
l=[67, 64, 63, 62, 59]
l is safe
l=[50, 51, 54, 56, 57, 58, 60, 63]
l is safe
l=[63, 60, 59, 58, 56, 55, 54]
l is safe
l=[71, 69, 66, 65, 64, 62, 61, 59]
l is safe
l=[50, 47, 45, 43, 42, 39]
l is safe
l=[25, 26, 28, 30, 32, 33, 34]
l is safe
l=[55, 56, 59, 60, 61]
l is safe
l=[3, 6, 9, 11, 12, 13, 16]
l is safe
l=[85, 82, 79, 76, 75, 73, 72, 70]
l is safe
l=[75, 76, 79, 81, 84]
l is safe
l=[67, 68, 71, 73, 75, 76, 78]
l is safe
l=[77, 75, 73, 70, 68]
l is safe
l=[47, 45, 42, 41, 40, 39, 36]
l is safe
l=[60, 57, 56, 54, 52, 51, 49, 46]
l is safe
l=[56, 54, 52, 51, 48, 45, 44]
l is safe
l=[45, 44, 43, 42, 39]
l is safe
l=[75, 77, 80, 83, 86, 89, 92]
l is safe
l=[64, 65, 66, 67, 70, 71]
l is safe
l=[35, 33, 31, 29, 28, 26]
l is safe
l=[41, 42, 44, 47, 50, 52, 54, 55]
l is safe
l=[13, 11, 10, 9, 7, 5, 3]
l is safe
l=[11, 14, 15, 17, 20, 21, 23, 25]
l is safe
l=[61, 63, 66, 69, 71, 74]
l is safe
l=[79, 78, 75, 74, 72, 71, 69]
l is safe
l=[85, 83, 81, 78, 76]
l is safe
l=[81, 79, 78, 76, 73]
l is safe
l=[74, 77, 79, 81, 83]
l is safe
l=[10, 11, 12, 13, 16, 18, 19]
l is safe
l=[64, 61, 60, 57, 54, 51]
l is safe
l=[70, 68, 65, 63, 60, 58, 55]
l is safe
l=[78, 79, 81, 83, 85, 88, 90]
l is safe
l=[13, 15, 18, 20, 22, 25, 28]
l is safe
l=[71, 68, 67, 66, 63]
l is safe
l=[56, 58, 61, 62, 65]
l is safe
l=[67, 65, 64, 62, 59, 57, 54]
l is safe
l=[44, 41, 39, 38, 37]
l is safe
l=[48, 45, 44, 42, 40, 37, 36, 33]
l is safe
l=[55, 58, 59, 60, 62]
l is safe
l=[50, 47, 45, 43, 40, 38, 37, 35]
l is safe
l=[61, 64, 66, 67, 68, 71, 72, 75]
l is safe
l=[36, 38, 40, 41, 44, 45]
l is safe
l=[52, 54, 57, 59, 60]
l is safe
l=[61, 62, 64, 65, 66, 68]
l is safe
l=[84, 85, 87, 90, 92, 94, 96, 97]
l is safe
l=[29, 30, 32, 34, 35, 36, 37, 38]
l is safe
l=[73, 71, 68, 66, 63, 61, 60, 58]
l is safe
l=[52, 49, 47, 44, 43, 41]
l is safe
l=[91, 89, 87, 84, 83, 81, 78, 76]
l is safe
l=[76, 74, 73, 71, 68, 65, 62, 61]
l is safe
l=[79, 77, 74, 72, 71, 69, 68, 65]
l is safe
l=[35, 34, 32, 29, 27]
l is safe
l=[22, 21, 19, 17, 16, 14]
l is safe
l=[34, 32, 30, 29, 27, 24]
l is safe
l=[87, 89, 90, 92, 93, 94]
l is safe
l=[30, 31, 32, 35, 38]
l is safe
l=[25, 22, 21, 20, 19, 18]
l is safe
l=[40, 43, 45, 48, 51, 52]
l is safe
l=[69, 70, 72, 75, 77]
l is safe
l=[38, 40, 41, 42, 45, 48, 50, 52]
l is safe
l=[79, 82, 83, 86, 87]
l is safe
l=[48, 47, 46, 44, 43, 42, 40]
l is safe
l=[65, 63, 61, 60, 57, 54]
l is safe
l=[13, 16, 18, 21, 23, 24, 25, 26]
l is safe
l=[40, 41, 43, 44, 47, 50, 51]
l is safe
l=[45, 42, 41, 40, 38]
l is safe
l=[8, 6, 5, 3, 2, 1]
l is safe
l=[81, 80, 78, 75, 73]
l is safe
l=[85, 84, 83, 82, 79, 76, 75, 74]
l is safe
l=[38, 40, 42, 44, 45, 48]
l is safe
l=[7, 8, 9, 11, 12]
l is safe
l=[49, 50, 51, 52, 53]
l is safe
l=[63, 60, 57, 56, 54, 53, 51]
l is safe
l=[19, 21, 24, 27, 30]
l is safe
l=[49, 46, 44, 41, 38]
l is safe
l=[57, 60, 63, 64, 66, 68, 71]
l is safe
l=[28, 30, 31, 34, 35, 37]
l is safe
l=[65, 62, 59, 57, 55, 54]
l is safe
l=[88, 85, 82, 80, 78, 77, 75]
l is safe
l=[80, 81, 84, 86, 88, 91]
l is safe
l=[42, 43, 46, 47, 50, 52, 55]
l is safe
l=[47, 46, 45, 44, 43, 41]
l is safe
l=[83, 86, 89, 90, 92, 95]
l is safe
l=[43, 46, 48, 49, 50, 51]
l is safe
l=[48, 45, 42, 41, 39]
l is safe
l=[87, 90, 92, 94, 95]
l is safe
l=[39, 40, 42, 45, 47, 49, 50]
l is safe
l=[44, 41, 39, 36, 33, 32, 31, 29]
l is safe
l=[32, 31, 30, 27, 25, 23, 20, 19]
l is safe
l=[39, 37, 34, 31, 29]
l is safe
l=[51, 52, 53, 54, 55, 58, 59]
l is safe
l=[52, 50, 49, 47, 45]
l is safe
l=[49, 51, 54, 55, 57, 60, 62, 64]
l is safe
l=[29, 28, 25, 23, 21, 20, 18, 17]
l is safe
l=[38, 37, 34, 31, 28, 26, 25]
l is safe
l=[79, 76, 74, 72, 71, 69]
l is safe
l=[36, 38, 40, 42, 43, 45, 47, 50]
l is safe
l=[86, 83, 80, 78, 77, 74]
l is safe
l=[33, 35, 37, 38, 41, 42]
l is safe
l=[28, 31, 34, 35, 37, 39, 42, 43]
l is safe
l=[32, 34, 37, 40, 42, 44, 46, 47]
l is safe
l=[57, 60, 62, 63, 65, 66, 68]
l is safe
l=[83, 85, 88, 89, 90]
l is safe
l=[44, 47, 50, 53, 55, 56, 59, 60]
l is safe
l=[33, 31, 29, 27, 24, 23, 21, 18]
l is safe
l=[28, 25, 24, 22, 20, 17, 15, 14]
l is safe
l=[33, 32, 30, 28, 27]
l is safe
l=[72, 69, 68, 65, 64]
l is safe
l=[13, 16, 19, 20, 22, 25]
l is safe
l=[31, 29, 28, 27, 24, 21]
l is safe
l=[69, 68, 65, 63, 62, 59, 57]
l is safe
l=[45, 48, 51, 52, 55, 57, 59, 60]
l is safe
l=[13, 14, 15, 16, 17, 20, 22, 25]
l is safe
l=[43, 41, 38, 37, 35, 33, 31]
l is safe
l=[73, 72, 69, 68, 65, 62, 59]
l is safe
l=[75, 77, 79, 82, 85, 88]
l is safe
l=[10, 13, 16, 18, 19, 21]
l is safe
l=[74, 71, 70, 67, 66, 64, 62]
l is safe
l=[54, 53, 52, 51, 49]
l is safe
l=[94, 93, 90, 88, 87, 85, 83]
l is safe
l=[39, 41, 42, 44, 47, 48, 50]
l is safe
l=[1, 4, 5, 7, 9, 10]
l is safe
l=[71, 70, 67, 66, 63, 61]
l is safe
l=[14, 15, 16, 17, 19, 20, 22]
l is safe
l=[5, 6, 7, 9, 12, 14, 15]
l is safe
l=[67, 64, 62, 60, 57, 56, 55]
l is safe
l=[24, 25, 27, 30, 33, 35]
l is safe
l=[35, 36, 38, 40, 41]
l is safe
l=[67, 64, 61, 58, 56, 55, 54]
l is safe
l=[73, 72, 71, 70, 69, 68]
l is safe
l=[96, 93, 92, 89, 87, 85, 82, 81]
l is safe
l=[80, 81, 83, 86, 88]
l is safe
l=[12, 9, 6, 5, 2]
l is safe
l=[92, 91, 88, 85, 82, 80]
l is safe
l=[92, 91, 88, 86, 85, 83, 82, 79]
l is safe
l=[73, 74, 77, 80, 81, 82]
l is safe
l=[75, 76, 77, 80, 82, 83, 84]
l is safe
l=[12, 9, 6, 5, 4]
l is safe
l=[80, 83, 85, 87, 89, 92, 95, 96]
l is safe
l=[21, 24, 25, 28, 31, 34]
l is safe
l=[51, 49, 46, 43, 42]
l is safe
l=[7, 6, 3, 2, 1]
l is safe
l=[35, 36, 38, 40, 41, 43, 44]
l is safe
l=[92, 91, 90, 89, 86, 85]
l is safe
l=[51, 50, 47, 44, 41]
l is safe
l=[70, 71, 74, 75, 78, 79]
l is safe
l=[21, 24, 26, 28, 30, 31, 33]
l is safe
l=[33, 36, 37, 40, 41, 42, 44]
l is safe
l=[68, 66, 63, 62, 59, 56, 54]
l is safe
l=[51, 52, 54, 57, 60, 62, 64]
l is safe
l=[70, 73, 76, 78, 81, 84, 85]
l is safe
l=[65, 68, 70, 73, 76, 77]
l is safe
l=[3, 5, 7, 8, 9, 11, 13, 14]
l is safe
l=[28, 26, 23, 20, 18, 15]
l is safe
l=[39, 36, 33, 32, 29, 27]
l is safe
l=[22, 24, 26, 28, 30]
l is safe
l=[54, 51, 48, 46, 43]
l is safe
l=[36, 34, 31, 30, 28, 26, 25, 23]
l is safe
l=[69, 71, 73, 76, 79]
l is safe
l=[28, 31, 34, 36, 39, 42, 45]
l is safe
l=[24, 23, 22, 21, 19, 16, 14]
l is safe
l=[99, 97, 95, 94, 93, 91, 88, 86]
l is safe
l=[65, 62, 61, 60, 58, 56, 54, 53]
l is safe
l=[17, 19, 20, 22, 25, 28, 31, 32]
l is safe
l=[5, 7, 8, 9, 10, 13, 14]
l is safe
l=[26, 23, 21, 20, 17]
l is safe
l=[49, 52, 54, 55, 56]
l is safe
l=[34, 37, 40, 42, 44, 45, 48, 50]
l is safe
l=[11, 14, 17, 18, 19, 20, 22, 24]
l is safe
l=[17, 14, 13, 12, 9, 8, 6]
l is safe
l=[81, 79, 78, 76, 74, 73, 72]
l is safe
l=[71, 69, 66, 65, 64, 61, 59]
l is safe
l=[77, 80, 81, 84, 85]
l is safe
l=[5, 8, 10, 11, 14, 17]
l is safe
l=[27, 24, 23, 22, 19, 17]
l is safe
l=[68, 67, 64, 62, 59, 56]
l is safe
l=[23, 25, 28, 29, 30, 32]
l is safe
l=[92, 89, 88, 86, 83, 82]
l is safe
l=[62, 64, 65, 68, 69, 72]
l is safe
l=[25, 23, 21, 18, 16]
l is safe
l=[69, 70, 71, 74, 77, 79]
l is safe
l=[72, 71, 69, 66, 64, 62]
l is safe
l=[10, 8, 5, 4, 3, 1]
l is safe
l=[35, 38, 41, 43, 46, 47, 49, 50]
l is safe
l=[83, 82, 79, 77, 75, 72]
l is safe
l=[41, 38, 35, 34, 31, 28, 27, 24]
l is safe
l=[60, 61, 63, 66, 68, 69, 72, 74]
l is safe
l=[54, 57, 59, 61, 62, 63, 66, 67]
l is safe
l=[78, 81, 82, 85, 86, 89, 92, 95]
l is safe
l=[16, 13, 10, 9, 8, 6, 4]
l is safe
l=[65, 67, 69, 70, 73]
l is safe
l=[48, 50, 53, 56, 58, 59, 61]
l is safe
l=[12, 9, 6, 4, 3]
l is safe
l=[8, 9, 12, 13, 14, 15, 17, 18]
l is safe
l=[14, 16, 19, 22, 23]
l is safe
l=[42, 39, 36, 35, 32, 29, 28, 27]
l is safe
l=[17, 14, 11, 9, 8, 7, 4, 2]
l is safe
l=[60, 58, 57, 55, 53]
l is safe
l=[43, 41, 40, 39, 36, 33]
l is safe
l=[48, 47, 46, 43, 40]
l is safe
l=[26, 23, 22, 19, 18, 16, 14, 11]
l is safe
l=[41, 40, 37, 35, 33, 30, 27, 25]
l is safe
l=[40, 43, 44, 46, 47, 48, 50, 51]
l is safe
l=[53, 56, 59, 61, 62, 64, 67, 68]
l is safe
l=[39, 42, 43, 44, 47, 50, 53, 56]
l is safe
l=[7, 10, 11, 12, 14]
l is safe
l=[49, 47, 45, 43, 41, 39, 36, 33]
l is safe
l=[76, 74, 73, 70, 67]
l is safe
l=[49, 51, 54, 57, 58, 60, 62]
l is safe
l=[44, 42, 39, 37, 34]
l is safe
l=[57, 54, 52, 50, 48, 45, 43]
l is safe
l=[71, 69, 68, 65, 64, 62]
l is safe
l=[77, 76, 73, 71, 68, 67]
l is safe
l=[9, 11, 14, 17, 18]
l is safe
l=[29, 31, 34, 36, 38, 41, 43, 45]
l is safe
l=[3, 6, 9, 12, 13, 16]
l is safe
l=[94, 92, 91, 89, 88, 87]
l is safe
l=[8, 10, 13, 16, 18]
l is safe
l=[13, 16, 17, 18, 20, 22, 24, 25]
l is safe
l=[56, 58, 59, 60, 62, 64]
l is safe
l=[52, 55, 58, 60, 61]
l is safe
l=[69, 70, 73, 76, 77, 80, 82, 83]
l is safe
l=[66, 64, 63, 60, 59]
l is safe
l=[84, 86, 88, 89, 92, 94, 95, 98]
l is safe
l=[32, 31, 28, 25, 23]
l is safe
l=[23, 24, 26, 27, 30, 32]
l is safe
l=[90, 89, 88, 86, 83]
l is safe
l=[77, 80, 83, 85, 87, 90, 91, 94]
l is safe
l=[69, 68, 66, 65, 63, 61, 59, 58]
l is safe
l=[17, 19, 22, 24, 27]
l is safe
l=[37, 35, 32, 29, 27, 25, 22, 21]
l is safe
l=[25, 27, 29, 32, 35, 36, 38]
l is safe
l=[62, 60, 58, 56, 54]
l is safe
l=[6, 9, 11, 12, 15, 17, 20]
l is safe
l=[80, 83, 84, 86, 87]
l is safe
l=[89, 91, 94, 95, 97, 98, 99]
l is safe
l=[20, 23, 25, 28, 31, 32, 34]
l is safe
l=[86, 88, 90, 91, 93]
l is safe
l=[70, 67, 64, 61, 59, 58, 56, 55]
l is safe
l=[17, 20, 22, 24, 25]
l is safe
l=[18, 20, 21, 23, 24, 25, 28, 31]
l is safe
l=[98, 95, 93, 92, 89, 86]
l is safe
l=[46, 45, 42, 41, 38, 36]
l is safe
l=[10, 12, 14, 15, 17, 20]
l is safe
l=[24, 21, 18, 17, 15, 14, 13]
l is safe
l=[8, 10, 13, 14, 17, 20]
l is safe
l=[90, 91, 93, 95, 98, 99]
l is safe
l=[39, 38, 36, 33, 31]
l is safe
l=[52, 49, 46, 45, 44, 41, 39, 36]
l is safe
l=[64, 62, 60, 59, 58, 56, 53, 52]
l is safe
l=[64, 63, 62, 61, 58, 57, 56]
l is safe
l=[90, 88, 86, 84, 82]
l is safe
l=[21, 24, 26, 29, 30]
l is safe
l=[92, 89, 87, 86, 85, 83, 81, 78]
l is safe
l=[85, 83, 80, 77, 76, 75, 72]
l is safe
l=[29, 32, 35, 37, 40, 42, 45]
l is safe
l=[7, 9, 10, 13, 15, 17, 18, 19]
l is safe
l=[24, 27, 28, 29, 32, 33]
l is safe
l=[59, 58, 55, 53, 50]
l is safe
l=[93, 90, 87, 85, 83, 80, 78, 77]
l is safe
l=[19, 16, 14, 13, 11, 8]
l is safe
l=[99, 96, 93, 92, 89, 87]
l is safe
l=[7, 8, 10, 12, 15]
l is safe
l=[21, 24, 27, 28, 29, 30, 32]
l is safe
l=[37, 39, 40, 41, 43]
l is safe
l=[43, 42, 41, 38, 37]
l is safe
l=[72, 71, 70, 69, 66, 64, 62]
l is safe
l=[30, 31, 32, 35, 38, 39, 42]
l is safe
l=[13, 15, 16, 19, 20, 21]
l is safe
l=[21, 18, 16, 15, 13]
l is safe
l=[22, 25, 26, 27, 29, 31, 34, 37]
l is safe
l=[41, 39, 36, 35, 32]
l is safe
l=[50, 47, 46, 44, 42, 39, 38, 36]
l is safe
l=[79, 76, 74, 72, 71, 70, 67, 65]
l is safe
l=[29, 30, 33, 36, 38, 41, 42]
l is safe
l=[73, 74, 76, 78, 80, 83, 85, 86]
l is safe
l=[51, 50, 49, 48, 46, 43]
l is safe
l=[80, 79, 77, 74, 73, 70, 68, 66]
l is safe
l=[88, 87, 85, 82, 80, 78, 77]
l is safe
l=[45, 46, 47, 50, 51, 54, 56, 57]
l is safe
l=[4, 6, 8, 9, 10, 13]
l is safe
l=[1, 3, 6, 9, 12, 15, 18, 19]
l is safe
l=[37, 40, 43, 45, 47, 50]
l is safe
l=[78, 79, 80, 83, 86]
l is safe
l=[61, 63, 64, 65, 66, 69, 71]
l is safe
l=[22, 25, 28, 31, 34, 37]
l is safe
l=[24, 26, 27, 29, 32]
l is safe
l=[91, 88, 87, 84, 83, 81]
l is safe
l=[78, 81, 82, 83, 84, 86, 89, 92]
l is safe
l=[17, 18, 20, 23, 26]
l is safe
l=[34, 31, 29, 26, 23, 22, 19]
l is safe
l=[20, 19, 16, 15, 13, 10]
l is safe
l=[32, 33, 36, 39, 42, 43, 46, 48]
l is safe
l=[78, 79, 82, 83, 84, 86, 87, 89]
l is safe
l=[67, 69, 72, 73, 75, 78, 81, 84]
l is safe
l=[62, 59, 56, 53, 50]
l is safe
l=[91, 90, 87, 85, 82]
l is safe
l=[51, 53, 54, 55, 58, 61, 63]
l is safe
l=[67, 66, 64, 62, 61, 60, 57]
l is safe
l=[80, 77, 74, 72, 69, 67, 64, 61]
l is safe
l=[59, 62, 64, 65, 67, 70, 71, 72]
l is safe
l=[45, 43, 40, 38, 37, 35, 32, 29]
l is safe
l=[85, 82, 80, 78, 77, 76, 74, 72]
l is safe
l=[71, 69, 66, 64, 61, 59]
l is safe
l=[7, 9, 11, 12, 14]
l is safe
l=[73, 70, 69, 66, 63, 62, 61]
l is safe
l=[75, 78, 81, 84, 86]
l is safe
l=[51, 50, 49, 46, 44, 41, 38]
l is safe
l=[97, 94, 93, 91, 89, 87, 84]
l is safe
l=[8, 5, 3, 2, 1]
l is safe
l=[21, 19, 18, 17, 15]
l is safe
l=[96, 95, 94, 92, 90, 87]
l is safe
l=[56, 58, 59, 62, 65, 67]
l is safe
l=[49, 52, 53, 55, 56]
l is safe
l=[43, 42, 40, 37, 36, 33]
l is safe
l=[57, 59, 60, 61, 63, 66, 68]
l is safe
l=[59, 62, 63, 66, 67]
l is safe
l=[75, 72, 70, 67, 65, 64]
l is safe
l=[73, 70, 69, 67, 64, 62, 59]
l is safe
l=[77, 74, 73, 72, 69, 67, 64]
l is safe
l=[46, 47, 49, 51, 53]
l is safe
l=[30, 31, 32, 35, 36]
l is safe
l=[23, 25, 28, 30, 32, 34]
l is safe
l=[82, 84, 86, 89, 90, 92]
l is safe
l=[75, 73, 72, 71, 68, 67, 66]
l is safe
l=[64, 62, 61, 58, 55]
l is safe
l=[97, 96, 93, 90, 89, 87, 86]
l is safe
l=[20, 21, 23, 24, 27]
l is safe
l=[59, 58, 57, 56, 54]
l is safe
l=[64, 63, 60, 58, 57, 55, 53, 52]
l is safe
l=[74, 72, 69, 67, 64, 62, 60]
l is safe
l=[23, 26, 29, 30, 33]
l is safe
l=[30, 31, 33, 34, 37, 40]
l is safe
l=[87, 86, 83, 81, 79, 76]
l is safe
l=[53, 55, 57, 59, 61]
l is safe
l=[26, 28, 31, 32, 34, 36, 37, 38]
l is safe
l=[36, 35, 34, 31, 29, 26]
l is safe
l=[19, 16, 14, 11, 8, 5]
l is safe
l=[41, 40, 38, 36, 34, 33, 32, 30]
l is safe
l=[55, 58, 60, 63, 64, 65, 66]
l is safe
l=[52, 51, 50, 48, 46, 43, 41]
l is safe
l=[41, 38, 36, 33, 30]
l is safe
l=[83, 80, 79, 76, 74, 71, 68]
l is safe
l=[45, 44, 42, 41, 38, 36, 33]
l is safe
l=[21, 20, 18, 17, 14, 11, 10]
l is safe
l=[3, 6, 8, 11, 13, 14, 17, 18]
l is safe
l=[81, 78, 75, 73, 70, 68, 67]
l is safe
l=[15, 16, 19, 21, 24, 27, 29, 32]
l is safe
l=[78, 79, 82, 85, 86]
l is safe
l=[35, 37, 38, 40, 42]
l is safe
l=[72, 71, 68, 66, 65, 62]
l is safe
l=[73, 72, 70, 68, 67, 64]
l is safe
l=[40, 43, 45, 46, 49, 52, 53]
l is safe
l=[76, 75, 74, 71, 69, 66]
l is safe
l=[68, 70, 71, 72, 75]
l is safe
l=[45, 43, 40, 37, 35, 33, 30, 29]
l is safe
l=[8, 9, 11, 13, 14]
l is safe
l=[78, 75, 73, 71, 69, 67, 65, 62]
l is safe
l=[40, 37, 34, 32, 30, 27]
l is safe
l=[79, 77, 74, 71, 69]
l is safe
l=[74, 75, 76, 77, 78, 79, 81, 84]
l is safe
l=[44, 41, 38, 36, 33, 31, 28, 25]
l is safe
l=[78, 75, 72, 70, 69]
l is safe
l=[79, 82, 83, 86, 87, 90, 91, 94]
l is safe
l=[35, 32, 30, 28, 25, 22]
l is safe
l=[96, 95, 93, 90, 88, 85]
l is safe
l=[85, 88, 90, 92, 93, 95, 97]
l is safe
l=[58, 55, 54, 51, 49]
l is safe
l=[22, 19, 18, 15, 12, 9, 7, 4]
l is safe
l=[92, 90, 87, 86, 83, 82, 81]
l is safe
l=[86, 85, 84, 83, 81, 79, 78]
l is safe
l=[67, 65, 63, 62, 61]
l is safe
l=[80, 79, 76, 74, 71, 70]
l is safe
l=[14, 17, 20, 21, 22, 24, 27, 28]
l is safe
l=[97, 95, 92, 89, 87]
l is safe
l=[23, 26, 27, 30, 32, 33, 35]
l is safe
l=[58, 57, 55, 52, 50, 47]
l is safe
l=[67, 70, 72, 75, 76, 78, 81]
l is safe
l=[10, 12, 13, 16, 18, 20, 23, 24]
l is safe
l=[65, 66, 67, 70, 72]
l is safe
l=[10, 7, 5, 4, 2]
l is safe
l=[35, 34, 32, 31, 30, 27, 25]
l is safe
l=[38, 40, 43, 44, 46, 47]
l is safe
l=[77, 80, 81, 83, 84, 87, 89, 92]
l is safe
l=[80, 77, 76, 75, 74]
l is safe
l=[30, 31, 34, 35, 38, 41, 42]
l is safe
l=[86, 87, 88, 91, 93]
l is safe
l=[77, 75, 74, 71, 70, 68, 66, 63]
l is safe
l=[25, 26, 29, 32, 34, 37]
l is safe
l=[33, 31, 30, 29, 28, 27, 26]
l is safe
l=[15, 17, 20, 23, 26, 28, 30]
l is safe
l=[86, 83, 81, 78, 75, 73, 72, 70]
l is safe
l=[73, 70, 67, 66, 65, 63]
l is safe
l=[19, 18, 17, 16, 13, 11, 9, 8]
l is safe
l=[35, 38, 39, 41, 42, 45]
l is safe
l=[24, 22, 20, 19, 16, 15]
l is safe
l=[5, 6, 9, 11, 13, 14]
l is safe
l=[31, 34, 37, 40, 41, 44]
l is safe
l=[75, 76, 78, 80, 81]
l is safe
l=[52, 49, 47, 45, 42, 41, 38, 35]
l is safe
l=[80, 77, 74, 72, 69, 68, 67, 65]
l is safe
l=[50, 47, 46, 43, 40, 38, 36, 35]
l is safe
l=[50, 49, 46, 43, 40]
l is safe
l=[83, 82, 79, 76, 75, 74]
l is safe
l=[82, 85, 88, 89, 91]
l is safe
l=[22, 24, 27, 28, 31, 32, 33]
l is safe
l=[95, 92, 90, 89, 86]
l is safe
l=[19, 21, 22, 25, 28, 29, 31]
l is safe
l=[15, 17, 18, 19, 21, 23]
l is safe
l=[75, 78, 79, 80, 82]
l is safe
l=[80, 78, 75, 74, 72, 71]
l is safe
l=[51, 49, 47, 46, 43, 42, 41]
l is safe
l=[55, 56, 59, 60, 63, 64, 66, 67]
l is safe
l=[67, 66, 65, 63, 61, 58, 56]
l is safe
l=[42, 43, 45, 48, 50, 51]
l is safe
l=[29, 32, 35, 36, 37]
l is safe
l=[5, 8, 9, 12, 13, 14, 17]
l is safe
l=[81, 84, 85, 86, 87, 88, 90]
l is safe
l=[59, 60, 63, 65, 68, 71]
l is safe
l=[43, 41, 38, 35, 33, 30]
l is safe
l=[29, 31, 33, 34, 36, 39, 42, 43]
l is safe
l=[72, 69, 66, 63, 62, 60]
l is safe
l=[13, 12, 10, 7, 6, 5, 3, 1]
l is safe
l=[48, 50, 53, 55, 57, 60]
l is safe
l=[39, 41, 42, 43, 45]
l is safe
l=[80, 78, 75, 72, 69, 67, 64, 62]
l is safe
l=[82, 80, 79, 76, 75, 73, 71]
l is safe
l=[46, 43, 40, 39, 38]
l is safe
l=[55, 52, 51, 49, 48]
l is safe
l=[81, 78, 75, 72, 71, 70, 69, 68]
l is safe
l=[38, 37, 35, 33, 30, 29]
l is safe
l=[36, 38, 39, 42, 44, 46, 49]
l is safe
l=[73, 72, 70, 68, 66, 64]
l is safe
l=[10, 9, 6, 5, 4, 2]
l is safe
l=[7, 10, 13, 16, 17, 18]
l is safe
l=[74, 72, 69, 67, 65, 62, 61, 58]
l is safe
l=[44, 47, 48, 50, 52, 54, 56]
l is safe
l=[75, 77, 80, 82, 84, 85, 88]
l is safe
l=[14, 16, 18, 20, 23, 24]
l is safe
l=[65, 62, 61, 58, 56, 54, 52]
l is safe
l=[22, 19, 17, 14, 13, 10, 7, 6]
l is safe
l=[53, 50, 48, 46, 43, 41]
l is safe
l=[10, 12, 14, 17, 20]
l is safe
l=[24, 21, 20, 18, 17, 14, 12]
l is safe
l=[66, 65, 63, 62, 60, 58]
l is safe
l=[84, 83, 81, 79, 76, 73]
l is safe
l=[37, 38, 41, 43, 46, 47, 50]
l is safe
l=[88, 86, 85, 82, 80, 78]
l is safe
l=[5, 6, 9, 10, 12]
l is safe
l=[64, 62, 61, 58, 55, 53, 52]
l is safe
l=[29, 30, 33, 36, 39, 42, 45]
l is safe
l=[89, 90, 91, 92, 94, 96]
l is safe
l=[41, 39, 37, 35, 32, 31, 29, 28]
l is safe
l=[83, 85, 86, 89, 92, 95, 96, 99]
l is safe
l=[84, 86, 88, 90, 91, 94, 95, 98]
l is safe
l=[77, 79, 82, 84, 87, 89, 91]
l is safe
l=[19, 21, 22, 23, 25, 26, 28]
l is safe
l=[20, 23, 25, 28, 31, 34]
l is safe
l=[84, 81, 78, 75, 73, 70, 67, 66]
l is safe
l=[11, 8, 6, 4, 3]
l is safe
l=[64, 63, 61, 59, 56]
l is safe
l=[88, 89, 92, 94, 95, 97, 98, 99]
l is safe
l=[87, 84, 83, 80, 77]
l is safe
l=[66, 68, 69, 70, 71, 72, 75]
l is safe
l=[19, 22, 24, 27, 30]
l is safe
l=[31, 33, 35, 38, 40, 43]
l is safe
l=[60, 63, 64, 65, 66, 69, 71]
l is safe
l=[70, 73, 75, 77, 79, 80, 82]
l is safe
l=[21, 20, 19, 16, 15, 14, 12]
l is safe
l=[33, 30, 29, 28, 27, 24, 23, 20]
l is safe
l=[30, 31, 33, 35, 36, 38]
l is safe
l=[19, 17, 14, 12, 11]
l is safe
l=[76, 77, 79, 80, 83, 84]
l is safe
l=[29, 30, 33, 36, 39, 40, 42]
l is safe
l=[24, 21, 18, 17, 16, 13, 10]
l is safe
l=[32, 34, 35, 38, 39, 41, 42, 43]
l is safe
l=[11, 10, 7, 6, 4, 2, 1]
l is safe
l=[2, 3, 6, 9, 10]
l is safe
l=[58, 55, 53, 51, 50, 47, 44]
l is safe
l=[49, 46, 43, 40, 37, 35]
l is safe
l=[56, 57, 59, 61, 62]
l is safe
l=[80, 82, 85, 88, 91, 93, 94, 95]
l is safe
l=[89, 86, 85, 82, 79, 76, 75]
l is safe
l=[57, 55, 52, 49, 46, 43, 42, 39]
l is safe
l=[40, 41, 44, 45, 46, 48]
l is safe
l=[12, 9, 6, 3, 2]
l is safe
l=[74, 76, 78, 81, 84, 85, 86, 88]
l is safe
l=[89, 91, 92, 93, 94, 97]
l is safe
l=[76, 74, 72, 71, 69, 68]
l is safe
l=[42, 43, 44, 47, 48, 50, 53]
l is safe
l=[42, 43, 44, 47, 48]
l is safe
l=[86, 88, 90, 92, 95]
l is safe
l=[15, 18, 20, 22, 24]
l is safe
l=[74, 71, 69, 68, 65, 62, 61, 59]
l is safe
l=[5, 8, 10, 12, 13, 16]
l is safe
l=[8, 10, 13, 14, 17]
l is safe
l=[32, 29, 28, 26, 24, 22, 19, 18]
l is safe
l=[99, 96, 95, 92, 89, 87]
l is safe
l=[48, 49, 50, 51, 54]
l is safe
l=[38, 39, 41, 44, 47, 48]
l is safe
l=[82, 84, 85, 88, 89, 91]
l is safe
l=[39, 41, 42, 43, 46]
l is safe
l=[83, 80, 79, 77, 74, 73, 72]
l is safe
l=[85, 84, 82, 79, 76, 75]
l is safe
l=[49, 48, 45, 43, 40, 38, 36]
l is safe
l=[9, 12, 15, 18, 20, 22, 25, 27]
l is safe
687
